{
 "cells": [
  {
   "cell_type": "markdown",
   "metadata": {},
   "source": [
    "# CNN Trainig Templete\n",
    "## Based on Tensorlfow - CNN MNIST example\n",
    "https://github.com/tensorflow/tensorflow/blob/r1.6/tensorflow/examples/tutorials/layers/cnn_mnist.py\n",
    "\n",
    "Tapping modified"
   ]
  },
  {
   "cell_type": "markdown",
   "metadata": {},
   "source": [
    "## 필요한 library 호출"
   ]
  },
  {
   "cell_type": "code",
   "execution_count": 3,
   "metadata": {},
   "outputs": [],
   "source": [
    "from __future__ import absolute_import\n",
    "from __future__ import division\n",
    "from __future__ import print_function\n",
    "\n",
    "import numpy as np\n",
    "import tensorflow as tf\n",
    "\n",
    "tf.logging.set_verbosity(tf.logging.INFO)\n"
   ]
  },
  {
   "cell_type": "markdown",
   "metadata": {},
   "source": [
    "## CNN model 설계\n",
    "현재는 MNIST에 사용된 것으로, 추후 그물 찢김에 적용하기 위해 수정 필요\n",
    "\n",
    "### Input Layer\n",
    "Input Image Pixel: 28x28  \n",
    "Color channel: 1 (grayscale)  \n",
    "\n",
    "### 1st Conv Layer\n",
    "Num of filter: 32  \n",
    "Kernel size: 5x5  \n",
    "Padding: Same  \n",
    "Activation: ReLU  \n",
    "Padding same은 입/출력이 같은 크기를 갖도록 padding하는 것  \n",
    "\n",
    "### 1st Pooling Layer\n",
    "Max pooling  \n",
    "Size: 2x2  \n",
    "Stride: 2  \n",
    "Max pooling 시 size의 폭과 stride가 같으면 pooling window가 서로 겹치지 않음  \n",
    "\n",
    "### 2nd Conv Layer\n",
    "Num of filter: 64  \n",
    "Kernel size: 5x5  \n",
    "Padding: Same  \n",
    "Activation: ReLU  \n",
    "\n",
    "### 2nd Pooling Layer\n",
    "Max pooling  \n",
    "Size: 2x2  \n",
    "Stride: 2  \n",
    "\n",
    "### Dense Layer\n",
    "Fully connected  \n",
    "\n",
    "### Drop out\n",
    "Rate: 0.4 (40%)  \n",
    "훈련 중 40%의 connection이 임의로 제거됨  \n",
    "Overfitting 방지  \n",
    "뇌의학에서도 학습을 반복할수록 사람 뇌의 뉴런은 일부 connection이 끊어지면서 더 확실하게 학습한다고 함  \n",
    "\n",
    "### Logits Layer\n",
    "Output node: 10  \n",
    "숫자 0~9까지 classification\n",
    "\n",
    "### Training\n",
    "Loss function: Softmax Cross Entropy  \n",
    "Optimizer: Gradient Descent  \n",
    "Learning rate: 0.001  "
   ]
  },
  {
   "cell_type": "code",
   "execution_count": 4,
   "metadata": {},
   "outputs": [],
   "source": [
    "def cnn_model_fn(features, labels, mode):\n",
    "    \"\"\"Model function for CNN.\"\"\"\n",
    "    # Input Layer\n",
    "    # Reshape X to 4-D tensor: [batch_size, width, height, channels]\n",
    "    # MNIST images are 28x28 pixels, and have one color channel\n",
    "    input_layer = tf.reshape(features[\"x\"], [-1, 28, 28, 1])\n",
    "\n",
    "    # Convolutional Layer #1\n",
    "    # Computes 32 features using a 5x5 filter with ReLU activation.\n",
    "    # Padding is added to preserve width and height.\n",
    "    # Input Tensor Shape: [batch_size, 28, 28, 1]\n",
    "    # Output Tensor Shape: [batch_size, 28, 28, 32]\n",
    "    conv1 = tf.layers.conv2d(\n",
    "        inputs=input_layer,\n",
    "        filters=32,\n",
    "        kernel_size=[5, 5],\n",
    "        padding=\"same\",\n",
    "        activation=tf.nn.relu)\n",
    "\n",
    "    # Pooling Layer #1\n",
    "    # First max pooling layer with a 2x2 filter and stride of 2\n",
    "    # Input Tensor Shape: [batch_size, 28, 28, 32]\n",
    "    # Output Tensor Shape: [batch_size, 14, 14, 32]\n",
    "    pool1 = tf.layers.max_pooling2d(inputs=conv1, pool_size=[2, 2], strides=2)\n",
    "\n",
    "    # Convolutional Layer #2\n",
    "    # Computes 64 features using a 5x5 filter.\n",
    "    # Padding is added to preserve width and height.\n",
    "    # Input Tensor Shape: [batch_size, 14, 14, 32]\n",
    "    # Output Tensor Shape: [batch_size, 14, 14, 64]\n",
    "    conv2 = tf.layers.conv2d(\n",
    "        inputs=pool1,\n",
    "        filters=64,\n",
    "        kernel_size=[5, 5],\n",
    "        padding=\"same\",\n",
    "        activation=tf.nn.relu)\n",
    "\n",
    "    # Pooling Layer #2\n",
    "    # Second max pooling layer with a 2x2 filter and stride of 2\n",
    "    # Input Tensor Shape: [batch_size, 14, 14, 64]\n",
    "    # Output Tensor Shape: [batch_size, 7, 7, 64]\n",
    "    pool2 = tf.layers.max_pooling2d(inputs=conv2, pool_size=[2, 2], strides=2)\n",
    "\n",
    "    # Flatten tensor into a batch of vectors\n",
    "    # Input Tensor Shape: [batch_size, 7, 7, 64]\n",
    "    # Output Tensor Shape: [batch_size, 7 * 7 * 64]\n",
    "    pool2_flat = tf.reshape(pool2, [-1, 7 * 7 * 64])\n",
    "\n",
    "    # Dense Layer\n",
    "    # Densely connected layer with 1024 neurons\n",
    "    # Input Tensor Shape: [batch_size, 7 * 7 * 64]\n",
    "    # Output Tensor Shape: [batch_size, 1024]\n",
    "    dense = tf.layers.dense(inputs=pool2_flat, units=1024, activation=tf.nn.relu)\n",
    "\n",
    "    # Add dropout operation; 0.6 probability that element will be kept\n",
    "    dropout = tf.layers.dropout(\n",
    "        inputs=dense, rate=0.4, training=mode == tf.estimator.ModeKeys.TRAIN)\n",
    "\n",
    "    # Logits layer\n",
    "    # Input Tensor Shape: [batch_size, 1024]\n",
    "    # Output Tensor Shape: [batch_size, 10]\n",
    "    logits = tf.layers.dense(inputs=dropout, units=10)\n",
    "\n",
    "    predictions = {\n",
    "        # Generate predictions (for PREDICT and EVAL mode)\n",
    "        \"classes\": tf.argmax(input=logits, axis=1),\n",
    "        # Add `softmax_tensor` to the graph. It is used for PREDICT and by the\n",
    "        # `logging_hook`.\n",
    "        \"probabilities\": tf.nn.softmax(logits, name=\"softmax_tensor\")\n",
    "    }\n",
    "    if mode == tf.estimator.ModeKeys.PREDICT:\n",
    "        return tf.estimator.EstimatorSpec(mode=mode, predictions=predictions)\n",
    "\n",
    "    # Calculate Loss (for both TRAIN and EVAL modes)\n",
    "    print(logits)\n",
    "    loss = tf.losses.sparse_softmax_cross_entropy(labels=labels, logits=logits)\n",
    "\n",
    "    # Configure the Training Op (for TRAIN mode)\n",
    "    if mode == tf.estimator.ModeKeys.TRAIN:\n",
    "        optimizer = tf.train.GradientDescentOptimizer(learning_rate=0.001)\n",
    "        train_op = optimizer.minimize(\n",
    "            loss=loss,\n",
    "            global_step=tf.train.get_global_step())\n",
    "    return tf.estimator.EstimatorSpec(mode=mode, loss=loss, train_op=train_op)\n",
    "\n",
    "    # Add evaluation metrics (for EVAL mode)\n",
    "    eval_metric_ops = {\n",
    "        \"accuracy\": tf.metrics.accuracy(\n",
    "            labels=labels, predictions=predictions[\"classes\"])}\n",
    "    return tf.estimator.EstimatorSpec(\n",
    "        mode=mode, loss=loss, eval_metric_ops=eval_metric_ops)"
   ]
  },
  {
   "cell_type": "markdown",
   "metadata": {},
   "source": [
    "## Code Run\n",
    "MNIST data 다운로드  \n",
    "\n",
    "### Training\n",
    "Batch size: 100  \n",
    "Epoch: 0  \n",
    "Shuffle: True  \n",
    "Step: 20000"
   ]
  },
  {
   "cell_type": "code",
   "execution_count": 5,
   "metadata": {},
   "outputs": [],
   "source": [
    "def main(unused_argv):\n",
    "    # Load training and eval data\n",
    "    mnist = tf.contrib.learn.datasets.load_dataset(\"mnist\")\n",
    "    train_data = mnist.train.images  # Returns np.array\n",
    "    train_labels = np.asarray(mnist.train.labels, dtype=np.int32)\n",
    "    eval_data = mnist.test.images  # Returns np.array\n",
    "    eval_labels = np.asarray(mnist.test.labels, dtype=np.int32)\n",
    "\n",
    "    # Create the Estimator\n",
    "    mnist_classifier = tf.estimator.Estimator(\n",
    "        model_fn=cnn_model_fn, model_dir=\"./MNIST_Test\")\n",
    "\n",
    "    # Set up logging for predictions\n",
    "    # Log the values in the \"Softmax\" tensor with label \"probabilities\"\n",
    "    tensors_to_log = {\"probabilities\": \"softmax_tensor\"}\n",
    "    logging_hook = tf.train.LoggingTensorHook(\n",
    "        tensors=tensors_to_log, every_n_iter=50)\n",
    "\n",
    "    # Train the model\n",
    "    train_input_fn = tf.estimator.inputs.numpy_input_fn(\n",
    "        x={\"x\": train_data},\n",
    "        y=train_labels,\n",
    "        batch_size=100,\n",
    "        num_epochs=None,\n",
    "        shuffle=True)\n",
    "    mnist_classifier.train(\n",
    "        input_fn=train_input_fn,\n",
    "        steps=20000,\n",
    "        hooks=[logging_hook])\n",
    "\n",
    "    # Evaluate the model and print results\n",
    "    eval_input_fn = tf.estimator.inputs.numpy_input_fn(\n",
    "        x={\"x\": eval_data},\n",
    "        y=eval_labels,\n",
    "        num_epochs=1,\n",
    "        shuffle=False)\n",
    "    eval_results = mnist_classifier.evaluate(input_fn=eval_input_fn)\n",
    "    print(eval_results)"
   ]
  },
  {
   "cell_type": "code",
   "execution_count": null,
   "metadata": {
    "scrolled": false
   },
   "outputs": [
    {
     "name": "stdout",
     "output_type": "stream",
     "text": [
      "Successfully downloaded train-images-idx3-ubyte.gz 9912422 bytes.\n",
      "Extracting MNIST-data/train-images-idx3-ubyte.gz\n",
      "Successfully downloaded train-labels-idx1-ubyte.gz 28881 bytes.\n",
      "Extracting MNIST-data/train-labels-idx1-ubyte.gz\n",
      "Successfully downloaded t10k-images-idx3-ubyte.gz 1648877 bytes.\n",
      "Extracting MNIST-data/t10k-images-idx3-ubyte.gz\n",
      "Successfully downloaded t10k-labels-idx1-ubyte.gz 4542 bytes.\n",
      "Extracting MNIST-data/t10k-labels-idx1-ubyte.gz\n",
      "INFO:tensorflow:Using default config.\n",
      "INFO:tensorflow:Using config: {'_service': None, '_log_step_count_steps': 100, '_cluster_spec': <tensorflow.python.training.server_lib.ClusterSpec object at 0x7ff72d9e7cf8>, '_num_ps_replicas': 0, '_task_id': 0, '_save_checkpoints_steps': None, '_save_checkpoints_secs': 600, '_task_type': 'worker', '_model_dir': './MNIST_Test', '_is_chief': True, '_tf_random_seed': None, '_keep_checkpoint_max': 5, '_session_config': None, '_num_worker_replicas': 1, '_master': '', '_keep_checkpoint_every_n_hours': 10000, '_global_id_in_cluster': 0, '_evaluation_master': '', '_save_summary_steps': 100}\n",
      "INFO:tensorflow:Calling model_fn.\n",
      "Tensor(\"dense_1/BiasAdd:0\", shape=(100, 10), dtype=float32)\n",
      "INFO:tensorflow:Done calling model_fn.\n",
      "INFO:tensorflow:Create CheckpointSaverHook.\n",
      "INFO:tensorflow:Graph was finalized.\n",
      "INFO:tensorflow:Running local_init_op.\n",
      "INFO:tensorflow:Done running local_init_op.\n",
      "INFO:tensorflow:Saving checkpoints for 1 into ./MNIST_Test/model.ckpt.\n",
      "INFO:tensorflow:probabilities = [[0.10370347 0.10456625 0.09060977 0.10377857 0.09421035 0.10274468\n",
      "  0.10194537 0.10705041 0.09415165 0.09723952]\n",
      " [0.10396691 0.10401575 0.10571869 0.09913631 0.09527073 0.09332336\n",
      "  0.10417511 0.10376848 0.09491152 0.09571315]\n",
      " [0.09898736 0.10729343 0.09821279 0.09989318 0.09812832 0.09993833\n",
      "  0.10316902 0.10150313 0.09790845 0.09496603]\n",
      " [0.10531843 0.1156057  0.08080436 0.10473029 0.09635967 0.10668904\n",
      "  0.10501897 0.0948357  0.08411253 0.1065253 ]\n",
      " [0.10453691 0.1047396  0.10115597 0.09482624 0.10018325 0.09160617\n",
      "  0.10731816 0.09809368 0.09397691 0.10356306]\n",
      " [0.11836678 0.09908557 0.10014761 0.10154034 0.09208349 0.10197596\n",
      "  0.10261154 0.10442276 0.08223084 0.09753509]\n",
      " [0.11023208 0.10647573 0.09986398 0.0906404  0.08363771 0.10001037\n",
      "  0.10720941 0.10870091 0.0884859  0.10474345]\n",
      " [0.10225692 0.10597173 0.09491715 0.10583764 0.0995556  0.10371596\n",
      "  0.10501712 0.10920005 0.08906424 0.08446353]\n",
      " [0.09677807 0.11070985 0.09990588 0.10028534 0.10140432 0.09937822\n",
      "  0.09746837 0.10217167 0.09414549 0.09775276]\n",
      " [0.0934009  0.10533446 0.097339   0.09623209 0.10866685 0.09512411\n",
      "  0.11282156 0.09985348 0.09659545 0.09463216]\n",
      " [0.10538713 0.10608931 0.09941707 0.09947045 0.09948131 0.09755146\n",
      "  0.10469833 0.09314155 0.09281245 0.10195093]\n",
      " [0.09476693 0.10964599 0.09232226 0.10752423 0.0929355  0.0964414\n",
      "  0.1070159  0.10429916 0.08913847 0.10591017]\n",
      " [0.09723219 0.10374745 0.08858737 0.11407862 0.09239092 0.10874749\n",
      "  0.11689138 0.0887155  0.08868855 0.10092049]\n",
      " [0.1106559  0.1143255  0.09703477 0.0914655  0.09490411 0.10872211\n",
      "  0.10256241 0.08255398 0.09487768 0.10289807]\n",
      " [0.08995937 0.11289722 0.09166531 0.10712457 0.09662309 0.10904549\n",
      "  0.10096867 0.09735532 0.09783932 0.09652164]\n",
      " [0.10039555 0.10226273 0.09671745 0.09945087 0.11170389 0.09470136\n",
      "  0.10083367 0.1042579  0.08663467 0.10304182]\n",
      " [0.10467418 0.1091432  0.09624686 0.09146322 0.10483289 0.10452481\n",
      "  0.09024928 0.10668249 0.08849576 0.10368738]\n",
      " [0.09523506 0.10698859 0.10116199 0.10313161 0.10026305 0.10621498\n",
      "  0.09971383 0.09319331 0.08396588 0.11013167]\n",
      " [0.0930752  0.11044823 0.10964487 0.09753419 0.09151001 0.10126559\n",
      "  0.10292657 0.10429729 0.08244325 0.10685486]\n",
      " [0.10927675 0.10781284 0.09368574 0.1066873  0.1021605  0.10159147\n",
      "  0.09771221 0.09491175 0.08472534 0.10143613]\n",
      " [0.10304841 0.10671124 0.09332214 0.1121399  0.09058687 0.09099615\n",
      "  0.11105671 0.09553584 0.08765913 0.10894368]\n",
      " [0.09544216 0.10110348 0.10646224 0.10155812 0.10208324 0.09205817\n",
      "  0.10642933 0.09598166 0.09821039 0.10067122]\n",
      " [0.09797068 0.11210308 0.10217354 0.10082519 0.10100836 0.09863188\n",
      "  0.1020979  0.09240965 0.08481818 0.10796155]\n",
      " [0.10210395 0.11638053 0.09966812 0.10306533 0.09585825 0.10588448\n",
      "  0.10364579 0.0915171  0.0869499  0.09492654]\n",
      " [0.08531817 0.11098821 0.09694868 0.10677326 0.10619407 0.10364349\n",
      "  0.10672761 0.09882799 0.08619136 0.0983872 ]\n",
      " [0.10927735 0.10932318 0.0962113  0.10242814 0.08407193 0.11081369\n",
      "  0.09842809 0.10056609 0.09036344 0.09851686]\n",
      " [0.09402063 0.10263875 0.09706891 0.10534467 0.10197575 0.09468996\n",
      "  0.10422786 0.10545475 0.08741154 0.10716719]\n",
      " [0.09852353 0.11128309 0.10319199 0.10655478 0.10081473 0.10133285\n",
      "  0.09148196 0.10082116 0.08512539 0.10087053]\n",
      " [0.09903841 0.11017063 0.10301863 0.09952402 0.09584385 0.09133893\n",
      "  0.1180829  0.09865509 0.08498946 0.0993381 ]\n",
      " [0.10245021 0.10559674 0.09073993 0.10124351 0.10838117 0.09520265\n",
      "  0.10225821 0.09882531 0.08778813 0.10751413]\n",
      " [0.10353779 0.10753834 0.10231466 0.09243964 0.11208416 0.08822327\n",
      "  0.10450386 0.09431859 0.09609635 0.09894332]\n",
      " [0.09605151 0.10531466 0.1054149  0.10932841 0.09763068 0.10283029\n",
      "  0.09730075 0.09682737 0.08920249 0.10009884]\n",
      " [0.1054365  0.09963938 0.09803498 0.09810742 0.09753311 0.0977629\n",
      "  0.11230358 0.10156583 0.08756333 0.10205293]\n",
      " [0.09269223 0.11438872 0.09861853 0.09940317 0.09933653 0.1100087\n",
      "  0.0938944  0.09759535 0.09363315 0.1004293 ]\n",
      " [0.0948105  0.104692   0.10007451 0.11029091 0.09215519 0.10150091\n",
      "  0.10788053 0.10711539 0.08551187 0.09596821]\n",
      " [0.10109712 0.09702948 0.10232679 0.0984826  0.09321629 0.09680676\n",
      "  0.10187439 0.10674803 0.09334881 0.10906974]\n",
      " [0.10150921 0.10577459 0.09239931 0.10109706 0.09993995 0.10606722\n",
      "  0.11734603 0.0917774  0.08975641 0.09433286]\n",
      " [0.09311828 0.11152866 0.09735755 0.10453639 0.09298076 0.10975141\n",
      "  0.10297662 0.09751296 0.09132607 0.0989113 ]\n",
      " [0.09933195 0.11375991 0.09422013 0.10256685 0.09618266 0.09953797\n",
      "  0.1059693  0.09223043 0.08638498 0.10981591]\n",
      " [0.10251871 0.10645764 0.10679918 0.10538372 0.08957024 0.09715296\n",
      "  0.10547238 0.09571792 0.09093083 0.09999642]\n",
      " [0.10666665 0.11432554 0.09585816 0.10509326 0.09097551 0.10465006\n",
      "  0.10329106 0.1031523  0.07273976 0.10324777]\n",
      " [0.08831172 0.11442757 0.09936851 0.10107538 0.10749004 0.10014044\n",
      "  0.09751274 0.1000669  0.09016831 0.10143843]\n",
      " [0.10325065 0.10833565 0.10280441 0.0957034  0.09461839 0.10406158\n",
      "  0.10930081 0.09998392 0.08889154 0.09304966]\n",
      " [0.1017903  0.10327311 0.09782542 0.09892844 0.10454528 0.09933965\n",
      "  0.10346847 0.09838746 0.09159861 0.10084334]\n",
      " [0.11072829 0.10573123 0.0923699  0.10199514 0.09276628 0.10154862\n",
      "  0.10389116 0.08282517 0.09476782 0.11337641]\n",
      " [0.10343461 0.12010393 0.0880589  0.10098511 0.09384198 0.10927026\n",
      "  0.10401018 0.10184681 0.08230195 0.0961463 ]\n",
      " [0.10523956 0.11054116 0.09773061 0.09336075 0.10028344 0.10024488\n",
      "  0.10799912 0.09572399 0.09460983 0.09426659]\n",
      " [0.1059631  0.09594515 0.09452233 0.10469469 0.09653187 0.10029781\n",
      "  0.1089558  0.09531786 0.0957429  0.1020284 ]\n",
      " [0.10999029 0.1181762  0.10371984 0.09850898 0.09155297 0.09947872\n",
      "  0.10277846 0.09218255 0.09411285 0.0894991 ]\n",
      " [0.09307773 0.11608827 0.09845969 0.10267203 0.08514796 0.11244705\n",
      "  0.10099144 0.11332601 0.07808471 0.09970511]\n",
      " [0.10848753 0.10654206 0.08106931 0.10322738 0.08845685 0.11046224\n",
      "  0.10535491 0.10546572 0.08721967 0.10371438]\n",
      " [0.10590094 0.09632932 0.09804658 0.10295483 0.08962707 0.09579977\n",
      "  0.10942383 0.10531372 0.09480074 0.10180322]\n",
      " [0.10561166 0.10097102 0.10488183 0.10074737 0.09698214 0.10519792\n",
      "  0.09211888 0.1057235  0.09157739 0.09618831]\n",
      " [0.10124514 0.10666759 0.10258294 0.10010219 0.09254902 0.09609882\n",
      "  0.09938604 0.10718521 0.09622768 0.09795532]\n",
      " [0.1031413  0.10667945 0.09804267 0.09131999 0.11052404 0.10318734\n",
      "  0.10942185 0.09208468 0.09476084 0.0908378 ]\n",
      " [0.09054701 0.10224309 0.09656272 0.10672241 0.10024926 0.10276975\n",
      "  0.09694214 0.09616812 0.09226327 0.11553227]\n",
      " [0.09429543 0.10944516 0.09170827 0.09956627 0.0995014  0.11346323\n",
      "  0.10279928 0.10142935 0.09525472 0.09253687]\n",
      " [0.10682282 0.10684619 0.10153726 0.09712641 0.09341493 0.09538252\n",
      "  0.10904866 0.10470597 0.0894809  0.09563439]\n",
      " [0.10432487 0.10351399 0.09744963 0.10008067 0.09482408 0.10275201\n",
      "  0.09592679 0.10540126 0.09439172 0.10133505]\n",
      " [0.09669465 0.1122812  0.09240338 0.10250963 0.09294374 0.1102642\n",
      "  0.10350412 0.1012252  0.09302519 0.0951487 ]\n",
      " [0.10329962 0.1044076  0.10084689 0.11209698 0.09000738 0.09907302\n",
      "  0.09792498 0.10095437 0.08438575 0.10700348]\n",
      " [0.10802387 0.08733244 0.10482734 0.0993259  0.0967381  0.09868202\n",
      "  0.10868952 0.09875181 0.09063005 0.10699899]\n",
      " [0.09475464 0.11685096 0.10170569 0.09830429 0.09067167 0.10586556\n",
      "  0.09792861 0.09843891 0.08474067 0.11073897]\n",
      " [0.10773066 0.099326   0.09800711 0.09676859 0.09298125 0.10009164\n",
      "  0.11964773 0.10321092 0.08762248 0.09461366]\n",
      " [0.09831549 0.10598236 0.0945851  0.10316683 0.09970925 0.09753724\n",
      "  0.09671569 0.10697208 0.09522802 0.10178793]\n",
      " [0.10329019 0.11368437 0.09055581 0.09364328 0.09666036 0.09645577\n",
      "  0.10176636 0.11080012 0.08980012 0.10334361]\n",
      " [0.09426882 0.11165006 0.09194721 0.10469767 0.09671035 0.10676497\n",
      "  0.10233379 0.10708621 0.08798604 0.09655492]\n",
      " [0.09536027 0.11777736 0.09821203 0.10022622 0.10665372 0.10157873\n",
      "  0.09749357 0.10188778 0.08726335 0.093547  ]\n",
      " [0.10264046 0.10661403 0.09521116 0.10811371 0.0863421  0.10121277\n",
      "  0.11481858 0.09955833 0.08351072 0.10197812]\n",
      " [0.10335889 0.1030148  0.10563661 0.09602609 0.09826221 0.0945222\n",
      "  0.10849895 0.09816159 0.08836453 0.10415408]\n",
      " [0.10131206 0.10553313 0.09401699 0.1008416  0.09309763 0.09592892\n",
      "  0.10451914 0.10385035 0.0877038  0.11319634]\n",
      " [0.09614869 0.11166017 0.09234183 0.09574863 0.09979361 0.09925532\n",
      "  0.1018874  0.11378352 0.09356282 0.09581805]\n",
      " [0.09526238 0.0937245  0.10276634 0.11341928 0.08568779 0.09456142\n",
      "  0.10753284 0.09765787 0.09714869 0.11223889]\n",
      " [0.10389575 0.10341223 0.09708417 0.09961256 0.09932602 0.09576492\n",
      "  0.10366599 0.09709122 0.09891258 0.10123461]\n",
      " [0.10128684 0.09864481 0.10585713 0.10735472 0.10021451 0.10244037\n",
      "  0.10312156 0.09177999 0.0897967  0.09950344]\n",
      " [0.0991675  0.10671205 0.10315716 0.09608872 0.09467623 0.11562429\n",
      "  0.10048803 0.0972527  0.08573256 0.10110079]\n",
      " [0.09128562 0.10578254 0.092728   0.09694099 0.10511307 0.10007357\n",
      "  0.10845813 0.10126669 0.10023199 0.09811931]\n",
      " [0.10150042 0.10924125 0.09722019 0.10032151 0.09838253 0.0966488\n",
      "  0.10562571 0.10177375 0.08632608 0.10295975]\n",
      " [0.09612993 0.11561501 0.10630394 0.09224468 0.10024944 0.09814219\n",
      "  0.09482604 0.11554059 0.08675868 0.09418955]\n",
      " [0.10040107 0.1110872  0.09458085 0.09862594 0.08930281 0.10014518\n",
      "  0.11010528 0.10197359 0.08719364 0.10658441]\n",
      " [0.09977632 0.10160164 0.10068043 0.10347309 0.09985186 0.0969588\n",
      "  0.10833066 0.09861472 0.08547638 0.10523609]\n",
      " [0.09785283 0.11735893 0.10140948 0.09616491 0.09103646 0.09986831\n",
      "  0.10670658 0.10574349 0.07794844 0.10591059]\n",
      " [0.10183071 0.09828176 0.09722207 0.10085129 0.10730819 0.10520435\n",
      "  0.10545335 0.09542788 0.09108105 0.09733935]\n",
      " [0.10154821 0.10155886 0.10726584 0.10889225 0.09696584 0.09665317\n",
      "  0.10199243 0.09790766 0.08223866 0.10497703]\n",
      " [0.10579053 0.09719131 0.09002765 0.10904698 0.09759381 0.10961145\n",
      "  0.09976604 0.09751415 0.08950642 0.10395167]\n",
      " [0.09075994 0.1071819  0.10315426 0.10728709 0.10723984 0.10446734\n",
      "  0.09846274 0.10275948 0.08044472 0.09824274]\n",
      " [0.09008413 0.10413031 0.09571526 0.10476074 0.10627609 0.1009798\n",
      "  0.11584254 0.09803688 0.0831243  0.10104989]\n",
      " [0.10002039 0.11450461 0.09595045 0.11003934 0.09099283 0.11043423\n",
      "  0.0953628  0.10040929 0.0856997  0.09658644]\n",
      " [0.0965385  0.11002955 0.1067144  0.09756622 0.10230718 0.10048084\n",
      "  0.09762242 0.10332894 0.07814485 0.10726719]\n",
      " [0.09888826 0.10831631 0.09795677 0.10353989 0.10040341 0.10152371\n",
      "  0.0969759  0.10142265 0.08927465 0.10169842]\n",
      " [0.09063363 0.10761882 0.10892126 0.09711152 0.10618047 0.09082762\n",
      "  0.11097993 0.1027784  0.08095992 0.10398844]\n",
      " [0.10846982 0.10258196 0.10144554 0.10442691 0.08372037 0.10132856\n",
      "  0.09709667 0.10379963 0.08812594 0.10900457]\n",
      " [0.09976032 0.10423153 0.09918457 0.10368387 0.10519782 0.09240086\n",
      "  0.1062073  0.110333   0.08465223 0.09434846]\n",
      " [0.08901873 0.10960604 0.10561729 0.10943285 0.09132186 0.10070787\n",
      "  0.1067476  0.09163419 0.09800251 0.09791109]\n",
      " [0.09883618 0.10177264 0.10303005 0.10289361 0.0977615  0.09845306\n",
      "  0.10146599 0.09932137 0.0895349  0.10693067]\n",
      " [0.10946357 0.11069638 0.09936281 0.0942176  0.08810653 0.09739602\n",
      "  0.1041514  0.11256562 0.08596138 0.09807877]\n",
      " [0.10683083 0.10998151 0.10097318 0.09982967 0.0971098  0.09847514\n",
      "  0.10971156 0.09502881 0.08331193 0.09874759]\n",
      " [0.09811948 0.09776872 0.10038507 0.09826    0.09264344 0.10593917\n",
      "  0.11121043 0.10160949 0.08583461 0.10822965]\n",
      " [0.10121091 0.10394995 0.10188902 0.10125218 0.10133331 0.09705418\n",
      "  0.10334203 0.09924959 0.08907524 0.10164361]\n",
      " [0.09668843 0.10989396 0.08848104 0.09575334 0.10216153 0.10252344\n",
      "  0.11056564 0.10787752 0.08612984 0.09992526]]\n"
     ]
    },
    {
     "name": "stdout",
     "output_type": "stream",
     "text": [
      "INFO:tensorflow:loss = 2.3174665, step = 1\n",
      "INFO:tensorflow:probabilities = [[0.10218612 0.10108373 0.10807511 0.10595891 0.09264028 0.08979005\n",
      "  0.10196023 0.10776134 0.08258162 0.10796261]\n",
      " [0.10679434 0.10474739 0.10109833 0.10269022 0.09737808 0.09946194\n",
      "  0.10033211 0.08800715 0.09170549 0.10778493]\n",
      " [0.09385723 0.10266202 0.10142379 0.10173433 0.09358697 0.10102544\n",
      "  0.11298709 0.09840757 0.09196625 0.10234929]\n",
      " [0.09612109 0.10005458 0.09860758 0.11827911 0.09952029 0.09727849\n",
      "  0.09959354 0.09342211 0.09114511 0.10597803]\n",
      " [0.10017806 0.11045973 0.09307023 0.09290338 0.0997835  0.09954\n",
      "  0.10314154 0.10632651 0.09767079 0.09692626]\n",
      " [0.10220003 0.11235285 0.09621383 0.09614596 0.09271957 0.09882198\n",
      "  0.10552308 0.10968009 0.08805283 0.09828982]\n",
      " [0.10800835 0.11231107 0.09791018 0.09941394 0.08780782 0.11365616\n",
      "  0.10506643 0.09368998 0.09351812 0.08861792]\n",
      " [0.1000426  0.09933086 0.09579244 0.1065631  0.09212714 0.10248268\n",
      "  0.11488503 0.09905203 0.08660393 0.10312016]\n",
      " [0.10737026 0.10684024 0.10471027 0.10116281 0.09106766 0.10889876\n",
      "  0.09022857 0.10557567 0.07699698 0.1071488 ]\n",
      " [0.10652127 0.10501282 0.10007597 0.10352799 0.09509618 0.10405504\n",
      "  0.10363142 0.08770575 0.09513246 0.09924115]\n",
      " [0.0997966  0.1113888  0.10556571 0.10654299 0.10282083 0.09236615\n",
      "  0.09971927 0.10042235 0.08554275 0.09583458]\n",
      " [0.10289696 0.10587975 0.10439301 0.10720951 0.09706374 0.0931595\n",
      "  0.09914646 0.09563895 0.08966785 0.10494422]\n",
      " [0.11704355 0.10646723 0.08913642 0.09340848 0.09438318 0.11257631\n",
      "  0.09872744 0.08767884 0.10932793 0.09125061]\n",
      " [0.1138614  0.10477609 0.0920278  0.10078873 0.09566429 0.10743192\n",
      "  0.11060855 0.09077275 0.09029192 0.09377646]\n",
      " [0.08798567 0.11507241 0.1033531  0.0966519  0.10023802 0.10908493\n",
      "  0.10611555 0.09933812 0.08100908 0.10115124]\n",
      " [0.10673131 0.10325395 0.10145234 0.10781398 0.10214768 0.11057249\n",
      "  0.10039767 0.09679943 0.07578328 0.09504779]\n",
      " [0.10498365 0.11243426 0.09736018 0.10013769 0.09652428 0.0952042\n",
      "  0.10346609 0.09957239 0.09734142 0.0929758 ]\n",
      " [0.10721336 0.1038228  0.11256226 0.10355364 0.09850182 0.09850979\n",
      "  0.09372029 0.09401689 0.09598271 0.09211645]\n",
      " [0.1081007  0.10500631 0.09313587 0.11549312 0.08691362 0.1057248\n",
      "  0.11169318 0.09934157 0.07718427 0.0974066 ]\n",
      " [0.10283598 0.10490094 0.10476366 0.10633985 0.10255867 0.10191008\n",
      "  0.0946974  0.0962484  0.08939762 0.09634737]\n",
      " [0.11215266 0.09795528 0.09620769 0.10993869 0.0980069  0.09865841\n",
      "  0.10372753 0.0997576  0.09288635 0.09070884]\n",
      " [0.10350379 0.10635814 0.09826573 0.10152507 0.08855468 0.10551591\n",
      "  0.10053048 0.10335156 0.08815274 0.10424192]\n",
      " [0.10594903 0.10706704 0.09521102 0.0971363  0.09736256 0.09237089\n",
      "  0.10361447 0.10479396 0.08314537 0.11334945]\n",
      " [0.10416834 0.10693915 0.10106985 0.09456111 0.10513393 0.10503282\n",
      "  0.09212452 0.09389471 0.09089039 0.10618524]\n",
      " [0.0926471  0.10098778 0.108894   0.10924623 0.09245433 0.09598508\n",
      "  0.11346199 0.09763012 0.08638144 0.10231192]\n",
      " [0.10178833 0.10314368 0.09398524 0.10806822 0.1003879  0.09772182\n",
      "  0.10425134 0.10490221 0.08952418 0.0962271 ]\n",
      " [0.10316787 0.11428583 0.10182104 0.10275466 0.08839518 0.09661066\n",
      "  0.1013918  0.10029013 0.08966036 0.10162245]\n",
      " [0.09397741 0.10404035 0.09767354 0.1003166  0.0988318  0.10689904\n",
      "  0.09609682 0.10487234 0.09394784 0.10334422]\n",
      " [0.09918123 0.0939089  0.09517191 0.10382203 0.09701128 0.1135999\n",
      "  0.10179984 0.10754278 0.09227987 0.09568229]\n",
      " [0.10602094 0.10213441 0.09169856 0.10356367 0.09233615 0.10062423\n",
      "  0.11325915 0.09666958 0.08994841 0.10374492]\n",
      " [0.10544509 0.10095114 0.10022996 0.11053315 0.10140203 0.10035002\n",
      "  0.10612221 0.0937427  0.08207572 0.09914802]\n",
      " [0.10657787 0.10012291 0.09610858 0.08996522 0.10026692 0.09821361\n",
      "  0.10417886 0.10484865 0.09437831 0.10533909]\n",
      " [0.09783612 0.10244932 0.10053587 0.0972788  0.10334649 0.09733074\n",
      "  0.11182234 0.10317779 0.08278751 0.10343493]\n",
      " [0.10859811 0.11155456 0.09678449 0.09629127 0.0928287  0.10661409\n",
      "  0.10260041 0.09764451 0.08519211 0.1018917 ]\n",
      " [0.09729976 0.10998961 0.09474108 0.09930297 0.0988504  0.09791675\n",
      "  0.1025912  0.11405094 0.08599637 0.09926095]\n",
      " [0.10323737 0.10190414 0.09944521 0.10562541 0.09487356 0.09849547\n",
      "  0.10539967 0.10532071 0.08807863 0.09761985]\n",
      " [0.10802759 0.09052123 0.09132158 0.1136113  0.0907952  0.09585327\n",
      "  0.11524988 0.09360427 0.0978095  0.10320614]\n",
      " [0.11014979 0.10962695 0.10075965 0.10848392 0.09979688 0.09862625\n",
      "  0.0963545  0.08457638 0.08914407 0.10248164]\n",
      " [0.1054769  0.09866031 0.10237384 0.10148385 0.10727348 0.09272198\n",
      "  0.0993295  0.10314611 0.08445507 0.10507897]\n",
      " [0.0987306  0.0965333  0.09847332 0.10854933 0.08826188 0.11166991\n",
      "  0.1190641  0.0860932  0.08776461 0.10485975]\n",
      " [0.10156982 0.10984071 0.09957775 0.10488801 0.09661376 0.09571822\n",
      "  0.10493928 0.1020771  0.08579401 0.09898137]\n",
      " [0.10479601 0.10360423 0.11306902 0.09725421 0.09340481 0.10544304\n",
      "  0.0943377  0.10388361 0.08425631 0.09995108]\n",
      " [0.089364   0.11547371 0.09374678 0.09417176 0.10341493 0.10742454\n",
      "  0.10357568 0.10706954 0.08843336 0.09732568]\n",
      " [0.10415009 0.10477208 0.09148809 0.10086936 0.11067355 0.08905239\n",
      "  0.10589856 0.09416904 0.09369335 0.10523347]\n",
      " [0.08454861 0.10719307 0.10594886 0.09861659 0.09700436 0.10790446\n",
      "  0.09749498 0.10451485 0.09102366 0.10575064]\n",
      " [0.09474853 0.10416409 0.10105363 0.1085988  0.10409854 0.09281851\n",
      "  0.10163654 0.09457067 0.09764295 0.10066774]\n",
      " [0.09655843 0.10822937 0.09911728 0.1036308  0.08776031 0.11494961\n",
      "  0.10416703 0.09855203 0.09023055 0.0968046 ]\n",
      " [0.09307164 0.11370158 0.0981747  0.10320263 0.10617668 0.09553799\n",
      "  0.09752272 0.10837637 0.09226075 0.09197496]\n",
      " [0.09318668 0.10962828 0.10381486 0.099821   0.10198525 0.09962967\n",
      "  0.09511187 0.09931429 0.09587799 0.10163011]\n",
      " [0.10680864 0.10902277 0.09093872 0.10509948 0.08686318 0.0982445\n",
      "  0.10104956 0.09925903 0.08793237 0.11478169]\n",
      " [0.0992533  0.10701031 0.10661722 0.09884765 0.10093691 0.10050784\n",
      "  0.10244521 0.09576827 0.08992708 0.09868619]\n",
      " [0.10280654 0.11125802 0.09553887 0.08865573 0.09239414 0.0952592\n",
      "  0.1099413  0.11301827 0.08622453 0.10490343]\n",
      " [0.09929359 0.10787473 0.10411534 0.10840721 0.09659749 0.09427769\n",
      "  0.10347426 0.10434512 0.0858259  0.09578869]\n",
      " [0.10266905 0.10486049 0.09113798 0.10435182 0.10222446 0.10180108\n",
      "  0.1012903  0.09296236 0.09653291 0.10216954]\n",
      " [0.10255435 0.10628352 0.10334256 0.10282484 0.09498564 0.10579709\n",
      "  0.10174757 0.1070356  0.08120827 0.09422051]\n",
      " [0.09435442 0.11021695 0.10515422 0.09553541 0.09759896 0.0978687\n",
      "  0.10019209 0.1031717  0.09568211 0.10022544]\n",
      " [0.11469628 0.10888844 0.10445897 0.10412458 0.09221232 0.098589\n",
      "  0.09194722 0.10454009 0.09222708 0.08831604]\n",
      " [0.09002268 0.09635388 0.10181393 0.10719045 0.09075792 0.09822752\n",
      "  0.11226138 0.1049336  0.08736083 0.11107779]\n",
      " [0.0938577  0.10370167 0.09276766 0.10472584 0.10694873 0.10800671\n",
      "  0.09964611 0.09353192 0.09553964 0.10127407]\n",
      " [0.10093623 0.11084627 0.09268828 0.10040447 0.08425287 0.10379577\n",
      "  0.09266115 0.11694389 0.09552193 0.10194921]\n",
      " [0.09760825 0.1132287  0.09214091 0.09922058 0.10084686 0.09373534\n",
      "  0.11358146 0.09819437 0.09046222 0.10098134]\n",
      " [0.10096606 0.1038444  0.09582247 0.110352   0.09686325 0.09793365\n",
      "  0.10333876 0.09926093 0.09474733 0.09687115]\n",
      " [0.10046678 0.09688108 0.10301086 0.09748583 0.10028597 0.10208244\n",
      "  0.09558401 0.10831562 0.09552824 0.10035923]\n",
      " [0.09785926 0.1105562  0.10603847 0.10553433 0.09024021 0.09482294\n",
      "  0.10827744 0.09441438 0.08243912 0.10981769]\n",
      " [0.10121714 0.11114861 0.09659038 0.09699015 0.09459908 0.10359854\n",
      "  0.09171397 0.09700526 0.09703338 0.11010341]\n",
      " [0.10916909 0.09697369 0.09501722 0.10321965 0.08581249 0.10272443\n",
      "  0.10945389 0.09610696 0.09063932 0.11088329]\n",
      " [0.09609568 0.10196794 0.10663512 0.10390635 0.09218139 0.10202287\n",
      "  0.10726053 0.09850933 0.09278317 0.0986377 ]\n",
      " [0.10290439 0.12326428 0.08963718 0.10265895 0.09613924 0.10916919\n",
      "  0.09988183 0.08530989 0.08751085 0.10352416]\n",
      " [0.10265734 0.11309405 0.09489235 0.10768659 0.09183124 0.09904378\n",
      "  0.10313919 0.0991206  0.0837264  0.10480851]\n",
      " [0.11487255 0.11142647 0.09582989 0.09754782 0.09454364 0.11331404\n",
      "  0.09549242 0.10021299 0.08889431 0.0878659 ]\n",
      " [0.10663275 0.10077465 0.08877987 0.10813029 0.1050057  0.09769183\n",
      "  0.10658801 0.10100922 0.08714548 0.09824218]\n",
      " [0.09188661 0.1038945  0.09830272 0.1106486  0.09321177 0.10409887\n",
      "  0.09756532 0.09938903 0.09104858 0.10995398]\n",
      " [0.08785486 0.10917033 0.10168929 0.09944594 0.09888023 0.09935012\n",
      "  0.11412349 0.10156601 0.09350016 0.09441954]\n",
      " [0.09664586 0.10957687 0.09362015 0.10064573 0.10576156 0.10032439\n",
      "  0.10280112 0.10624544 0.08122132 0.10315752]\n",
      " [0.10970315 0.10678037 0.09573338 0.10647883 0.08870703 0.10020863\n",
      "  0.102835   0.09790031 0.08949601 0.10215729]\n",
      " [0.10414145 0.11016264 0.09345669 0.10121633 0.1010153  0.1015939\n",
      "  0.10014175 0.10516487 0.08221127 0.10089582]\n",
      " [0.10222344 0.10095025 0.09834894 0.09622543 0.10543525 0.09251776\n",
      "  0.11060449 0.09832718 0.0839446  0.11142264]\n",
      " [0.09237988 0.10398099 0.09343605 0.10156476 0.10159558 0.11381078\n",
      "  0.10613174 0.09891985 0.08572835 0.10245197]\n",
      " [0.09398942 0.09906526 0.09849175 0.10079242 0.0948859  0.11823262\n",
      "  0.10579211 0.10173653 0.09057143 0.09644257]\n",
      " [0.09337313 0.10619926 0.10449844 0.10273658 0.10059693 0.09572531\n",
      "  0.10105795 0.0963477  0.10133504 0.09812963]\n",
      " [0.09342903 0.10216341 0.09380461 0.1040994  0.10225613 0.0984894\n",
      "  0.10761786 0.09955081 0.09189604 0.10669328]\n",
      " [0.10261179 0.10600562 0.09584261 0.10622853 0.09497636 0.1016426\n",
      "  0.0964748  0.09761202 0.09340624 0.10519945]\n",
      " [0.10206759 0.10089235 0.09482605 0.10342831 0.09905845 0.1007004\n",
      "  0.10416742 0.0975918  0.08197072 0.11529693]\n",
      " [0.10944572 0.10269214 0.10604807 0.09708063 0.1046436  0.09422797\n",
      "  0.098327   0.09471878 0.09788018 0.09493598]\n",
      " [0.10994609 0.09634774 0.09704297 0.1070281  0.08684602 0.10941014\n",
      "  0.11209679 0.09228572 0.09067432 0.09832215]\n",
      " [0.10510439 0.10680293 0.08970772 0.11059523 0.10042772 0.10072602\n",
      "  0.10886066 0.09314623 0.08752608 0.09710299]\n",
      " [0.09937822 0.10334751 0.10566915 0.10692149 0.09172533 0.10411795\n",
      "  0.1009009  0.10371459 0.09203991 0.09218492]\n",
      " [0.10383876 0.11445883 0.09616368 0.09821401 0.09861782 0.10525731\n",
      "  0.09984688 0.10338112 0.09005682 0.09016476]\n",
      " [0.10729545 0.09887335 0.09561881 0.10265006 0.09721835 0.09920145\n",
      "  0.09648067 0.10767609 0.09572905 0.09925676]\n",
      " [0.11348919 0.11539809 0.09815962 0.09846661 0.09260911 0.09726999\n",
      "  0.10293535 0.09786549 0.08951883 0.09428779]\n",
      " [0.09450774 0.10620718 0.10484789 0.10582986 0.09349523 0.10022722\n",
      "  0.10302816 0.09621665 0.09180146 0.10383856]\n",
      " [0.09331062 0.11865649 0.10078461 0.11458507 0.08936284 0.09842407\n",
      "  0.10007605 0.09695444 0.09195925 0.09588663]\n",
      " [0.10214442 0.11476652 0.09342331 0.10049868 0.10744948 0.08870482\n",
      "  0.11021863 0.09986675 0.09034996 0.09257744]\n",
      " [0.10016301 0.10763912 0.10044043 0.10173406 0.09947337 0.1023927\n",
      "  0.09536808 0.11197048 0.08498126 0.09583742]\n",
      " [0.09909378 0.10857141 0.11022957 0.09390269 0.1029444  0.09698588\n",
      "  0.10319914 0.1001267  0.0834614  0.10148499]\n",
      " [0.11565956 0.10072054 0.09507926 0.09861767 0.09334181 0.1048604\n",
      "  0.10379677 0.10352421 0.08484514 0.09955465]\n",
      " [0.10344568 0.10936735 0.09644118 0.10523207 0.08918219 0.10543265\n",
      "  0.10702735 0.10069676 0.08858446 0.0945903 ]\n",
      " [0.10881891 0.10003142 0.09914404 0.10835043 0.09802303 0.0910212\n",
      "  0.10824792 0.10235699 0.08957995 0.09442613]\n",
      " [0.10804242 0.09311018 0.09357772 0.10228813 0.09618597 0.11297097\n",
      "  0.11050226 0.0985963  0.07936236 0.10536371]\n",
      " [0.09822411 0.10998784 0.09791394 0.10198619 0.09876771 0.09869421\n",
      "  0.0952919  0.10683845 0.09490074 0.09739494]] (0.330 sec)\n"
     ]
    },
    {
     "name": "stdout",
     "output_type": "stream",
     "text": [
      "INFO:tensorflow:global_step/sec: 172.58\n",
      "INFO:tensorflow:probabilities = [[0.10538572 0.10793341 0.0944215  0.0956517  0.08980274 0.10390009\n",
      "  0.0942728  0.10367395 0.08998832 0.11496978]\n",
      " [0.08939116 0.10345069 0.09859865 0.10151725 0.09518413 0.10952219\n",
      "  0.11286788 0.09412736 0.08450007 0.1108407 ]\n",
      " [0.09686758 0.10119551 0.09814314 0.09858802 0.10214881 0.10413388\n",
      "  0.10191081 0.09890334 0.08966484 0.10844407]\n",
      " [0.10898948 0.11571074 0.10078951 0.09796703 0.09670413 0.09796762\n",
      "  0.08856352 0.10480953 0.09134098 0.09715743]\n",
      " [0.09494427 0.10089743 0.09963306 0.09824495 0.1019669  0.10521918\n",
      "  0.11466633 0.09659726 0.09254129 0.09528928]\n",
      " [0.11180475 0.10851195 0.09427182 0.10534804 0.09072831 0.10435838\n",
      "  0.1107109  0.0903523  0.09149802 0.09241552]\n",
      " [0.09435936 0.10207592 0.09809536 0.10685624 0.09712264 0.10089995\n",
      "  0.1087813  0.10333963 0.09431263 0.09415695]\n",
      " [0.09824476 0.10877252 0.09249187 0.10978587 0.09412339 0.0969874\n",
      "  0.11178616 0.09337865 0.09916978 0.09525961]\n",
      " [0.10735347 0.10017224 0.09808567 0.10230751 0.09057509 0.09599167\n",
      "  0.10293683 0.10247491 0.09245783 0.10764483]\n",
      " [0.10347076 0.10895564 0.08724692 0.09232152 0.09670983 0.1006742\n",
      "  0.103218   0.10565653 0.08779431 0.11395224]\n",
      " [0.10933979 0.10678882 0.09125967 0.09633172 0.09710892 0.1062172\n",
      "  0.09850711 0.09439833 0.09893911 0.10110932]\n",
